lset
-0.1,-0.7,0.9,0.3
branching.ps
group
manual
abABcC
y
(3.0d0,0.0d0),(-.5d0,0.0d0),(-4.0d0,0.0d0),(1.0d0,0.0d0)
( 0.8125199200687596399264499127d0, -1.009670311772334708799641455d0),
(-0.4062599600343791845014672447d0,  0.6731135411815533947676217837d0),
(-3.250079680274986569921835514d0,   0.0d0),
( 2.437559760206226929995385601d0,   0.3365567705907582450180030417d0)
(1.0d0,0.0d0),(2.0d0,0.0d0),(0.0d0,0.0d0),(1.0d0,0.0d0)

change
conjugate
(0.0d0,0.0d0),(0.0d0,1.0d0),(0.0d0,1.0d0),(-0.5d0,0.0d0)
up
maxlev
5
schottky
.0001
200
,
manual
y
(0.0d0,0.0d0),(0.0d0,1.0d0),(0.0d0,1.0d0),(-0.5d0,0.0d0)
(-.75d0,0.0d0),.25d0
(-.25d0,.5d0),0.457106781186547524400844362d0
(1.0d0,0.0d0),-1.570796326794896619231321691d0
C
B
maxlev
20000
draw
C
B
up
quit
0.5,0.0
Branching

